0.500, 0.000, 0.000, 1.000, 0.000, 0.000
0.499, 0.031, 0.000, 1.000, 0.000, 0.000
0.496, 0.063, 0.000, 1.000, 0.000, 0.000
0.491, 0.094, 0.000, 1.000, 0.000, 0.000
0.484, 0.124, 0.000, 1.000, 0.000, 0.000
0.476, 0.155, 0.001, 1.000, 0.000, 0.000
0.465, 0.184, 0.001, 1.000, 0.000, 0.000
0.452, 0.213, 0.001, 1.000, 0.000, 0.000
0.438, 0.241, 0.001, 1.000, 0.000, 0.000
0.422, 0.268, 0.001, 1.000, 0.000, 0.000
0.405, 0.294, 0.001, 1.000, 0.000, 0.000
0.385, 0.319, 0.001, 1.000, 0.000, 0.000
0.364, 0.342, 0.001, 1.000, 0.000, 0.000
0.342, 0.364, 0.001, 1.000, 0.000, 0.000
0.319, 0.385, 0.001, 1.000, 0.000, 0.000
0.294, 0.405, 0.002, 1.000, 0.000, 0.000
0.268, 0.422, 0.002, 1.000, 0.000, 0.000
0.241, 0.438, 0.002, 1.000, 0.000, 0.000
0.213, 0.452, 0.002, 1.000, 0.000, 0.000
0.184, 0.465, 0.002, 1.000, 0.000, 0.000
0.155, 0.476, 0.002, 1.000, 0.000, 0.000
0.124, 0.484, 0.002, 1.000, 0.000, 0.000
0.094, 0.491, 0.002, 1.000, 0.000, 0.000
0.063, 0.496, 0.002, 1.000, 0.000, 0.000
0.031, 0.499, 0.002, 1.000, 0.000, 0.000
0.000, 0.500, 0.003, 1.000, 0.000, 0.000
-0.031, 0.499, 0.003, 1.000, 0.000, 0.000
-0.063, 0.496, 0.003, 1.000, 0.000, 0.000
-0.094, 0.491, 0.003, 1.000, 0.000, 0.000
-0.124, 0.484, 0.003, 1.000, 0.000, 0.000
-0.155, 0.476, 0.003, 1.000, 0.000, 0.000
-0.184, 0.465, 0.003, 1.000, 0.000, 0.000
-0.213, 0.452, 0.003, 1.000, 0.000, 0.000
-0.241, 0.438, 0.003, 1.000, 0.000, 0.000
-0.268, 0.422, 0.003, 1.000, 0.000, 0.000
-0.294, 0.405, 0.004, 1.000, 0.000, 0.000
-0.319, 0.385, 0.004, 1.000, 0.000, 0.000
-0.342, 0.364, 0.004, 1.000, 0.000, 0.000
-0.364, 0.342, 0.004, 1.000, 0.000, 0.000
-0.385, 0.319, 0.004, 1.000, 0.000, 0.000
-0.405, 0.294, 0.004, 1.000, 0.000, 0.000
-0.422, 0.268, 0.004, 1.000, 0.000, 0.000
-0.438, 0.241, 0.004, 1.000, 0.000, 0.000
-0.452, 0.213, 0.004, 1.000, 0.000, 0.000
-0.465, 0.184, 0.004, 1.000, 0.000, 0.000
-0.476, 0.155, 0.005, 1.000, 0.000, 0.000
-0.484, 0.124, 0.005, 1.000, 0.000, 0.000
-0.491, 0.094, 0.005, 1.000, 0.000, 0.000
-0.496, 0.063, 0.005, 1.000, 0.000, 0.000
-0.499, 0.031, 0.005, 1.000, 0.000, 0.000
-0.500, 0.000, 0.005, 1.000, 0.000, 0.000
-0.499, -0.031, 0.005, 1.000, 0.000, 0.000
-0.496, -0.063, 0.005, 1.000, 0.000, 0.000
-0.491, -0.094, 0.005, 1.000, 0.000, 0.000
-0.484, -0.124, 0.005, 1.000, 0.000, 0.000
-0.476, -0.155, 0.006, 1.000, 0.000, 0.000
-0.465, -0.184, 0.006, 1.000, 0.000, 0.000
-0.452, -0.213, 0.006, 1.000, 0.000, 0.000
-0.438, -0.241, 0.006, 1.000, 0.000, 0.000
-0.422, -0.268, 0.006, 1.000, 0.000, 0.000
-0.405, -0.294, 0.006, 1.000, 0.000, 0.000
-0.385, -0.319, 0.006, 1.000, 0.000, 0.000
-0.364, -0.342, 0.006, 1.000, 0.000, 0.000
-0.342, -0.364, 0.006, 1.000, 0.000, 0.000
-0.319, -0.385, 0.006, 1.000, 0.000, 0.000
-0.294, -0.405, 0.007, 1.000, 0.000, 0.000
-0.268, -0.422, 0.007, 1.000, 0.000, 0.000
-0.241, -0.438, 0.007, 1.000, 0.000, 0.000
-0.213, -0.452, 0.007, 1.000, 0.000, 0.000
-0.184, -0.465, 0.007, 1.000, 0.000, 0.000
-0.155, -0.476, 0.007, 1.000, 0.000, 0.000
-0.124, -0.484, 0.007, 1.000, 0.000, 0.000
-0.094, -0.491, 0.007, 1.000, 0.000, 0.000
-0.063, -0.496, 0.007, 1.000, 0.000, 0.000
-0.031, -0.499, 0.007, 1.000, 0.000, 0.000
-0.000, -0.500, 0.007, 1.000, 0.000, 0.000
0.031, -0.499, 0.008, 1.000, 0.000, 0.000
0.063, -0.496, 0.008, 1.000, 0.000, 0.000
0.094, -0.491, 0.008, 1.000, 0.000, 0.000
0.124, -0.484, 0.008, 1.000, 0.000, 0.000
0.155, -0.476, 0.008, 1.000, 0.000, 0.000
0.184, -0.465, 0.008, 1.000, 0.000, 0.000
0.213, -0.452, 0.008, 1.000, 0.000, 0.000
0.241, -0.438, 0.008, 1.000, 0.000, 0.000
0.268, -0.422, 0.008, 1.000, 0.000, 0.000
0.294, -0.405, 0.009, 1.000, 0.000, 0.000
0.319, -0.385, 0.009, 1.000, 0.000, 0.000
0.342, -0.364, 0.009, 1.000, 0.000, 0.000
0.364, -0.342, 0.009, 1.000, 0.000, 0.000
0.385, -0.319, 0.009, 1.000, 0.000, 0.000
0.405, -0.294, 0.009, 1.000, 0.000, 0.000
0.422, -0.268, 0.009, 1.000, 0.000, 0.000
0.438, -0.241, 0.009, 1.000, 0.000, 0.000
0.452, -0.213, 0.009, 1.000, 0.000, 0.000
0.465, -0.184, 0.009, 1.000, 0.000, 0.000
0.476, -0.155, 0.010, 1.000, 0.000, 0.000
0.484, -0.124, 0.010, 1.000, 0.000, 0.000
0.491, -0.094, 0.010, 1.000, 0.000, 0.000
0.496, -0.063, 0.010, 1.000, 0.000, 0.000
0.499, -0.031, 0.010, 1.000, 0.000, 0.000
0.500, -0.000, 0.010, 1.000, 0.000, 0.000
0.499, 0.031, 0.010, 1.000, 0.000, 0.000
0.496, 0.063, 0.010, 1.000, 0.000, 0.000
0.491, 0.094, 0.010, 1.000, 0.000, 0.000
0.484, 0.124, 0.010, 1.000, 0.000, 0.000
0.476, 0.155, 0.011, 1.000, 0.000, 0.000
0.465, 0.184, 0.011, 1.000, 0.000, 0.000
0.452, 0.213, 0.011, 1.000, 0.000, 0.000
0.438, 0.241, 0.011, 1.000, 0.000, 0.000
0.422, 0.268, 0.011, 1.000, 0.000, 0.000
0.405, 0.294, 0.011, 1.000, 0.000, 0.000
0.385, 0.319, 0.011, 1.000, 0.000, 0.000
0.364, 0.342, 0.011, 1.000, 0.000, 0.000
0.342, 0.364, 0.011, 1.000, 0.000, 0.000
0.319, 0.385, 0.011, 1.000, 0.000, 0.000
0.294, 0.405, 0.012, 1.000, 0.000, 0.000
0.268, 0.422, 0.012, 1.000, 0.000, 0.000
0.241, 0.438, 0.012, 1.000, 0.000, 0.000
0.213, 0.452, 0.012, 1.000, 0.000, 0.000
0.184, 0.465, 0.012, 1.000, 0.000, 0.000
0.155, 0.476, 0.012, 1.000, 0.000, 0.000
0.124, 0.484, 0.012, 1.000, 0.000, 0.000
0.094, 0.491, 0.012, 1.000, 0.000, 0.000
0.063, 0.496, 0.012, 1.000, 0.000, 0.000
0.031, 0.499, 0.012, 1.000, 0.000, 0.000
0.000, 0.500, 0.013, 1.000, 0.000, 0.000
-0.031, 0.499, 0.013, 1.000, 0.000, 0.000
-0.063, 0.496, 0.013, 1.000, 0.000, 0.000
-0.094, 0.491, 0.013, 1.000, 0.000, 0.000
-0.124, 0.484, 0.013, 1.000, 0.000, 0.000
-0.155, 0.476, 0.013, 1.000, 0.000, 0.000
-0.184, 0.465, 0.013, 1.000, 0.000, 0.000
-0.213, 0.452, 0.013, 1.000, 0.000, 0.000
-0.241, 0.438, 0.013, 1.000, 0.000, 0.000
-0.268, 0.422, 0.013, 1.000, 0.000, 0.000
-0.294, 0.405, 0.014, 1.000, 0.000, 0.000
-0.319, 0.385, 0.014, 1.000, 0.000, 0.000
-0.342, 0.364, 0.014, 1.000, 0.000, 0.000
-0.364, 0.342, 0.014, 1.000, 0.000, 0.000
-0.385, 0.319, 0.014, 1.000, 0.000, 0.000
-0.405, 0.294, 0.014, 1.000, 0.000, 0.000
-0.422, 0.268, 0.014, 1.000, 0.000, 0.000
-0.438, 0.241, 0.014, 1.000, 0.000, 0.000
-0.452, 0.213, 0.014, 1.000, 0.000, 0.000
-0.465, 0.184, 0.014, 1.000, 0.000, 0.000
-0.476, 0.155, 0.014, 1.000, 0.000, 0.000
-0.484, 0.124, 0.015, 1.000, 0.000, 0.000
-0.491, 0.094, 0.015, 1.000, 0.000, 0.000
-0.496, 0.063, 0.015, 1.000, 0.000, 0.000
-0.499, 0.031, 0.015, 1.000, 0.000, 0.000
-0.500, 0.000, 0.015, 1.000, 0.000, 0.000
-0.499, -0.031, 0.015, 1.000, 0.000, 0.000
-0.496, -0.063, 0.015, 1.000, 0.000, 0.000
-0.491, -0.094, 0.015, 1.000, 0.000, 0.000
-0.484, -0.124, 0.015, 1.000, 0.000, 0.000
-0.476, -0.155, 0.015, 1.000, 0.000, 0.000
-0.465, -0.184, 0.016, 1.000, 0.000, 0.000
-0.452, -0.213, 0.016, 1.000, 0.000, 0.000
-0.438, -0.241, 0.016, 1.000, 0.000, 0.000
-0.422, -0.268, 0.016, 1.000, 0.000, 0.000
-0.405, -0.294, 0.016, 1.000, 0.000, 0.000
-0.385, -0.319, 0.016, 1.000, 0.000, 0.000
-0.364, -0.342, 0.016, 1.000, 0.000, 0.000
-0.342, -0.364, 0.016, 1.000, 0.000, 0.000
-0.319, -0.385, 0.016, 1.000, 0.000, 0.000
-0.294, -0.405, 0.017, 1.000, 0.000, 0.000
-0.268, -0.422, 0.017, 1.000, 0.000, 0.000
-0.241, -0.438, 0.017, 1.000, 0.000, 0.000
-0.213, -0.452, 0.017, 1.000, 0.000, 0.000
-0.184, -0.465, 0.017, 1.000, 0.000, 0.000
-0.155, -0.476, 0.017, 1.000, 0.000, 0.000
-0.124, -0.484, 0.017, 1.000, 0.000, 0.000
-0.094, -0.491, 0.017, 1.000, 0.000, 0.000
-0.063, -0.496, 0.017, 1.000, 0.000, 0.000
-0.031, -0.499, 0.017, 1.000, 0.000, 0.000
-0.000, -0.500, 0.018, 1.000, 0.000, 0.000
0.031, -0.499, 0.018, 1.000, 0.000, 0.000
0.063, -0.496, 0.018, 1.000, 0.000, 0.000
0.094, -0.491, 0.018, 1.000, 0.000, 0.000
0.124, -0.484, 0.018, 1.000, 0.000, 0.000
0.155, -0.476, 0.018, 1.000, 0.000, 0.000
0.184, -0.465, 0.018, 1.000, 0.000, 0.000
0.213, -0.452, 0.018, 1.000, 0.000, 0.000
0.241, -0.438, 0.018, 1.000, 0.000, 0.000
0.268, -0.422, 0.018, 1.000, 0.000, 0.000
0.294, -0.405, 0.019, 1.000, 0.000, 0.000
0.319, -0.385, 0.019, 1.000, 0.000, 0.000
0.342, -0.364, 0.019, 1.000, 0.000, 0.000
0.364, -0.342, 0.019, 1.000, 0.000, 0.000
0.385, -0.319, 0.019, 1.000, 0.000, 0.000
0.405, -0.294, 0.019, 1.000, 0.000, 0.000
0.422, -0.268, 0.019, 1.000, 0.000, 0.000
0.438, -0.241, 0.019, 1.000, 0.000, 0.000
0.452, -0.213, 0.019, 1.000, 0.000, 0.000
0.465, -0.184, 0.019, 1.000, 0.000, 0.000
0.476, -0.155, 0.019, 1.000, 0.000, 0.000
0.484, -0.124, 0.020, 1.000, 0.000, 0.000
0.491, -0.094, 0.020, 1.000, 0.000, 0.000
0.496, -0.063, 0.020, 1.000, 0.000, 0.000
0.499, -0.031, 0.020, 1.000, 0.000, 0.000
0.500, -0.000, 0.020, 1.000, 0.000, 0.000
0.499, 0.031, 0.020, 1.000, 0.000, 0.000
0.496, 0.063, 0.020, 1.000, 0.000, 0.000
0.491, 0.094, 0.020, 1.000, 0.000, 0.000
0.484, 0.124, 0.020, 1.000, 0.000, 0.000
0.476, 0.155, 0.020, 1.000, 0.000, 0.000
0.465, 0.184, 0.021, 1.000, 0.000, 0.000
0.452, 0.213, 0.021, 1.000, 0.000, 0.000
0.438, 0.241, 0.021, 1.000, 0.000, 0.000
0.422, 0.268, 0.021, 1.000, 0.000, 0.000
0.405, 0.294, 0.021, 1.000, 0.000, 0.000
0.385, 0.319, 0.021, 1.000, 0.000, 0.000
0.364, 0.342, 0.021, 1.000, 0.000, 0.000
0.342, 0.364, 0.021, 1.000, 0.000, 0.000
0.319, 0.385, 0.021, 1.000, 0.000, 0.000
0.294, 0.405, 0.021, 1.000, 0.000, 0.000
0.268, 0.422, 0.022, 1.000, 0.000, 0.000
0.241, 0.438, 0.022, 1.000, 0.000, 0.000
0.213, 0.452, 0.022, 1.000, 0.000, 0.000
0.184, 0.465, 0.022, 1.000, 0.000, 0.000
0.155, 0.476, 0.022, 1.000, 0.000, 0.000
0.124, 0.484, 0.022, 1.000, 0.000, 0.000
0.094, 0.491, 0.022, 1.000, 0.000, 0.000
0.063, 0.496, 0.022, 1.000, 0.000, 0.000
0.031, 0.499, 0.022, 1.000, 0.000, 0.000
0.000, 0.500, 0.022, 1.000, 0.000, 0.000
-0.031, 0.499, 0.023, 1.000, 0.000, 0.000
-0.063, 0.496, 0.023, 1.000, 0.000, 0.000
-0.094, 0.491, 0.023, 1.000, 0.000, 0.000
-0.124, 0.484, 0.023, 1.000, 0.000, 0.000
-0.155, 0.476, 0.023, 1.000, 0.000, 0.000
-0.184, 0.465, 0.023, 1.000, 0.000, 0.000
-0.213, 0.452, 0.023, 1.000, 0.000, 0.000
-0.241, 0.438, 0.023, 1.000, 0.000, 0.000
-0.268, 0.422, 0.023, 1.000, 0.000, 0.000
-0.294, 0.405, 0.024, 1.000, 0.000, 0.000
-0.319, 0.385, 0.024, 1.000, 0.000, 0.000
-0.342, 0.364, 0.024, 1.000, 0.000, 0.000
-0.364, 0.342, 0.024, 1.000, 0.000, 0.000
-0.385, 0.319, 0.024, 1.000, 0.000, 0.000
-0.405, 0.294, 0.024, 1.000, 0.000, 0.000
-0.422, 0.268, 0.024, 1.000, 0.000, 0.000
-0.438, 0.241, 0.024, 1.000, 0.000, 0.000
-0.452, 0.213, 0.024, 1.000, 0.000, 0.000
-0.465, 0.184, 0.024, 1.000, 0.000, 0.000
-0.476, 0.155, 0.025, 1.000, 0.000, 0.000
-0.484, 0.124, 0.025, 1.000, 0.000, 0.000
-0.491, 0.094, 0.025, 1.000, 0.000, 0.000
-0.496, 0.063, 0.025, 1.000, 0.000, 0.000
-0.499, 0.031, 0.025, 1.000, 0.000, 0.000
-0.500, 0.000, 0.025, 1.000, 0.000, 0.000
-0.499, -0.031, 0.025, 1.000, 0.000, 0.000
-0.496, -0.063, 0.025, 1.000, 0.000, 0.000
-0.491, -0.094, 0.025, 1.000, 0.000, 0.000
-0.484, -0.124, 0.025, 1.000, 0.000, 0.000
-0.476, -0.155, 0.026, 1.000, 0.000, 0.000
-0.465, -0.184, 0.026, 1.000, 0.000, 0.000
-0.452, -0.213, 0.026, 1.000, 0.000, 0.000
-0.438, -0.241, 0.026, 1.000, 0.000, 0.000
-0.422, -0.268, 0.026, 1.000, 0.000, 0.000
-0.405, -0.294, 0.026, 1.000, 0.000, 0.000
-0.385, -0.319, 0.026, 1.000, 0.000, 0.000
-0.364, -0.342, 0.026, 1.000, 0.000, 0.000
-0.342, -0.364, 0.026, 1.000, 0.000, 0.000
-0.319, -0.385, 0.026, 1.000, 0.000, 0.000
-0.294, -0.405, 0.026, 1.000, 0.000, 0.000
-0.268, -0.422, 0.027, 1.000, 0.000, 0.000
-0.241, -0.438, 0.027, 1.000, 0.000, 0.000
-0.213, -0.452, 0.027, 1.000, 0.000, 0.000
-0.184, -0.465, 0.027, 1.000, 0.000, 0.000
-0.155, -0.476, 0.027, 1.000, 0.000, 0.000
-0.124, -0.484, 0.027, 1.000, 0.000, 0.000
-0.094, -0.491, 0.027, 1.000, 0.000, 0.000
-0.063, -0.496, 0.027, 1.000, 0.000, 0.000
-0.031, -0.499, 0.027, 1.000, 0.000, 0.000
0.000, -0.500, 0.028, 1.000, 0.000, 0.000
0.031, -0.499, 0.028, 1.000, 0.000, 0.000
0.063, -0.496, 0.028, 1.000, 0.000, 0.000
0.094, -0.491, 0.028, 1.000, 0.000, 0.000
0.124, -0.484, 0.028, 1.000, 0.000, 0.000
0.155, -0.476, 0.028, 1.000, 0.000, 0.000
0.184, -0.465, 0.028, 1.000, 0.000, 0.000
0.213, -0.452, 0.028, 1.000, 0.000, 0.000
0.241, -0.438, 0.028, 1.000, 0.000, 0.000
0.268, -0.422, 0.028, 1.000, 0.000, 0.000
0.294, -0.405, 0.029, 1.000, 0.000, 0.000
0.319, -0.385, 0.029, 1.000, 0.000, 0.000
0.342, -0.364, 0.029, 1.000, 0.000, 0.000
0.364, -0.342, 0.029, 1.000, 0.000, 0.000
0.385, -0.319, 0.029, 1.000, 0.000, 0.000
0.405, -0.294, 0.029, 1.000, 0.000, 0.000
0.422, -0.268, 0.029, 1.000, 0.000, 0.000
0.438, -0.241, 0.029, 1.000, 0.000, 0.000
0.452, -0.213, 0.029, 1.000, 0.000, 0.000
0.465, -0.184, 0.029, 1.000, 0.000, 0.000
0.476, -0.155, 0.030, 1.000, 0.000, 0.000
0.484, -0.124, 0.030, 1.000, 0.000, 0.000
0.491, -0.094, 0.030, 1.000, 0.000, 0.000
0.496, -0.063, 0.030, 1.000, 0.000, 0.000
0.499, -0.031, 0.030, 1.000, 0.000, 0.000
0.500, -0.000, 0.030, 1.000, 0.000, 0.000
0.499, 0.031, 0.030, 1.000, 0.000, 0.000
0.496, 0.063, 0.030, 1.000, 0.000, 0.000
0.491, 0.094, 0.030, 1.000, 0.000, 0.000
0.484, 0.124, 0.030, 1.000, 0.000, 0.000
0.476, 0.155, 0.031, 1.000, 0.000, 0.000
0.465, 0.184, 0.031, 1.000, 0.000, 0.000
0.452, 0.213, 0.031, 1.000, 0.000, 0.000
0.438, 0.241, 0.031, 1.000, 0.000, 0.000
0.422, 0.268, 0.031, 1.000, 0.000, 0.000
0.405, 0.294, 0.031, 1.000, 0.000, 0.000
0.385, 0.319, 0.031, 1.000, 0.000, 0.000
0.364, 0.342, 0.031, 1.000, 0.000, 0.000
0.342, 0.364, 0.031, 1.000, 0.000, 0.000
0.319, 0.385, 0.031, 1.000, 0.000, 0.000
0.294, 0.405, 0.032, 1.000, 0.000, 0.000
0.268, 0.422, 0.032, 1.000, 0.000, 0.000
0.241, 0.438, 0.032, 1.000, 0.000, 0.000
0.213, 0.452, 0.032, 1.000, 0.000, 0.000
0.184, 0.465, 0.032, 1.000, 0.000, 0.000
0.155, 0.476, 0.032, 1.000, 0.000, 0.000
0.124, 0.484, 0.032, 1.000, 0.000, 0.000
0.094, 0.491, 0.032, 1.000, 0.000, 0.000
0.063, 0.496, 0.032, 1.000, 0.000, 0.000
0.031, 0.499, 0.032, 1.000, 0.000, 0.000
0.000, 0.500, 0.033, 1.000, 0.000, 0.000
-0.031, 0.499, 0.033, 1.000, 0.000, 0.000
-0.063, 0.496, 0.033, 1.000, 0.000, 0.000
-0.094, 0.491, 0.033, 1.000, 0.000, 0.000
-0.124, 0.484, 0.033, 1.000, 0.000, 0.000
-0.155, 0.476, 0.033, 1.000, 0.000, 0.000
-0.184, 0.465, 0.033, 1.000, 0.000, 0.000
-0.213, 0.452, 0.033, 1.000, 0.000, 0.000
-0.241, 0.438, 0.033, 1.000, 0.000, 0.000
-0.268, 0.422, 0.033, 1.000, 0.000, 0.000
-0.294, 0.405, 0.034, 1.000, 0.000, 0.000
-0.319, 0.385, 0.034, 1.000, 0.000, 0.000
-0.342, 0.364, 0.034, 1.000, 0.000, 0.000
-0.364, 0.342, 0.034, 1.000, 0.000, 0.000
-0.385, 0.319, 0.034, 1.000, 0.000, 0.000
-0.405, 0.294, 0.034, 1.000, 0.000, 0.000
-0.422, 0.268, 0.034, 1.000, 0.000, 0.000
-0.438, 0.241, 0.034, 1.000, 0.000, 0.000
-0.452, 0.213, 0.034, 1.000, 0.000, 0.000
-0.465, 0.184, 0.034, 1.000, 0.000, 0.000
-0.476, 0.155, 0.035, 1.000, 0.000, 0.000
-0.484, 0.124, 0.035, 1.000, 0.000, 0.000
-0.491, 0.094, 0.035, 1.000, 0.000, 0.000
-0.496, 0.063, 0.035, 1.000, 0.000, 0.000
-0.499, 0.031, 0.035, 1.000, 0.000, 0.000
-0.500, 0.000, 0.035, 1.000, 0.000, 0.000
-0.499, -0.031, 0.035, 1.000, 0.000, 0.000
-0.496, -0.063, 0.035, 1.000, 0.000, 0.000
-0.491, -0.094, 0.035, 1.000, 0.000, 0.000
-0.484, -0.124, 0.035, 1.000, 0.000, 0.000
-0.476, -0.155, 0.036, 1.000, 0.000, 0.000
-0.465, -0.184, 0.036, 1.000, 0.000, 0.000
-0.452, -0.213, 0.036, 1.000, 0.000, 0.000
-0.438, -0.241, 0.036, 1.000, 0.000, 0.000
-0.422, -0.268, 0.036, 1.000, 0.000, 0.000
-0.405, -0.294, 0.036, 1.000, 0.000, 0.000
-0.385, -0.319, 0.036, 1.000, 0.000, 0.000
-0.364, -0.342, 0.036, 1.000, 0.000, 0.000
-0.342, -0.364, 0.036, 1.000, 0.000, 0.000
-0.319, -0.385, 0.036, 1.000, 0.000, 0.000
-0.294, -0.405, 0.036, 1.000, 0.000, 0.000
-0.268, -0.422, 0.037, 1.000, 0.000, 0.000
-0.241, -0.438, 0.037, 1.000, 0.000, 0.000
-0.213, -0.452, 0.037, 1.000, 0.000, 0.000
-0.184, -0.465, 0.037, 1.000, 0.000, 0.000
-0.155, -0.476, 0.037, 1.000, 0.000, 0.000
-0.124, -0.484, 0.037, 1.000, 0.000, 0.000
-0.094, -0.491, 0.037, 1.000, 0.000, 0.000
-0.063, -0.496, 0.037, 1.000, 0.000, 0.000
-0.031, -0.499, 0.037, 1.000, 0.000, 0.000
-0.000, -0.500, 0.037, 1.000, 0.000, 0.000
0.031, -0.499, 0.038, 1.000, 0.000, 0.000
0.063, -0.496, 0.038, 1.000, 0.000, 0.000
0.094, -0.491, 0.038, 1.000, 0.000, 0.000
0.124, -0.484, 0.038, 1.000, 0.000, 0.000
0.155, -0.476, 0.038, 1.000, 0.000, 0.000
0.184, -0.465, 0.038, 1.000, 0.000, 0.000
0.213, -0.452, 0.038, 1.000, 0.000, 0.000
0.241, -0.438, 0.038, 1.000, 0.000, 0.000
0.268, -0.422, 0.038, 1.000, 0.000, 0.000
0.294, -0.405, 0.038, 1.000, 0.000, 0.000
0.319, -0.385, 0.039, 1.000, 0.000, 0.000
0.342, -0.364, 0.039, 1.000, 0.000, 0.000
0.364, -0.342, 0.039, 1.000, 0.000, 0.000
0.385, -0.319, 0.039, 1.000, 0.000, 0.000
0.405, -0.294, 0.039, 1.000, 0.000, 0.000
0.422, -0.268, 0.039, 1.000, 0.000, 0.000
0.438, -0.241, 0.039, 1.000, 0.000, 0.000
0.452, -0.213, 0.039, 1.000, 0.000, 0.000
0.465, -0.184, 0.039, 1.000, 0.000, 0.000
0.476, -0.155, 0.040, 1.000, 0.000, 0.000
0.484, -0.124, 0.040, 1.000, 0.000, 0.000
0.491, -0.094, 0.040, 1.000, 0.000, 0.000
0.496, -0.063, 0.040, 1.000, 0.000, 0.000
0.499, -0.031, 0.040, 1.000, 0.000, 0.000
0.500, -0.000, 0.040, 1.000, 0.000, 0.000
0.499, 0.031, 0.040, 1.000, 0.000, 0.000
0.496, 0.063, 0.040, 1.000, 0.000, 0.000
0.491, 0.094, 0.040, 1.000, 0.000, 0.000
0.484, 0.124, 0.040, 1.000, 0.000, 0.000
0.476, 0.155, 0.041, 1.000, 0.000, 0.000
0.465, 0.184, 0.041, 1.000, 0.000, 0.000
0.452, 0.213, 0.041, 1.000, 0.000, 0.000
0.438, 0.241, 0.041, 1.000, 0.000, 0.000
0.422, 0.268, 0.041, 1.000, 0.000, 0.000
0.405, 0.294, 0.041, 1.000, 0.000, 0.000
0.385, 0.319, 0.041, 1.000, 0.000, 0.000
0.364, 0.342, 0.041, 1.000, 0.000, 0.000
0.342, 0.364, 0.041, 1.000, 0.000, 0.000
0.319, 0.385, 0.041, 1.000, 0.000, 0.000
0.294, 0.405, 0.042, 1.000, 0.000, 0.000
0.268, 0.422, 0.042, 1.000, 0.000, 0.000
0.241, 0.438, 0.042, 1.000, 0.000, 0.000
0.213, 0.452, 0.042, 1.000, 0.000, 0.000
0.184, 0.465, 0.042, 1.000, 0.000, 0.000
0.155, 0.476, 0.042, 1.000, 0.000, 0.000
0.124, 0.484, 0.042, 1.000, 0.000, 0.000
0.094, 0.491, 0.042, 1.000, 0.000, 0.000
0.063, 0.496, 0.042, 1.000, 0.000, 0.000
0.031, 0.499, 0.042, 1.000, 0.000, 0.000
0.000, 0.500, 0.043, 1.000, 0.000, 0.000
-0.031, 0.499, 0.043, 1.000, 0.000, 0.000
-0.063, 0.496, 0.043, 1.000, 0.000, 0.000
-0.094, 0.491, 0.043, 1.000, 0.000, 0.000
-0.124, 0.484, 0.043, 1.000, 0.000, 0.000
-0.155, 0.476, 0.043, 1.000, 0.000, 0.000
-0.184, 0.465, 0.043, 1.000, 0.000, 0.000
-0.213, 0.452, 0.043, 1.000, 0.000, 0.000
-0.241, 0.438, 0.043, 1.000, 0.000, 0.000
-0.268, 0.422, 0.043, 1.000, 0.000, 0.000
-0.294, 0.405, 0.044, 1.000, 0.000, 0.000
-0.319, 0.385, 0.044, 1.000, 0.000, 0.000
-0.342, 0.364, 0.044, 1.000, 0.000, 0.000
-0.364, 0.342, 0.044, 1.000, 0.000, 0.000
-0.385, 0.319, 0.044, 1.000, 0.000, 0.000
-0.405, 0.294, 0.044, 1.000, 0.000, 0.000
-0.422, 0.268, 0.044, 1.000, 0.000, 0.000
-0.438, 0.241, 0.044, 1.000, 0.000, 0.000
-0.452, 0.213, 0.044, 1.000, 0.000, 0.000
-0.465, 0.184, 0.044, 1.000, 0.000, 0.000
-0.476, 0.155, 0.045, 1.000, 0.000, 0.000
-0.484, 0.124, 0.045, 1.000, 0.000, 0.000
-0.491, 0.094, 0.045, 1.000, 0.000, 0.000
-0.496, 0.063, 0.045, 1.000, 0.000, 0.000
-0.499, 0.031, 0.045, 1.000, 0.000, 0.000
-0.500, 0.000, 0.045, 1.000, 0.000, 0.000
-0.499, -0.031, 0.045, 1.000, 0.000, 0.000
-0.496, -0.063, 0.045, 1.000, 0.000, 0.000
-0.491, -0.094, 0.045, 1.000, 0.000, 0.000
-0.484, -0.124, 0.045, 1.000, 0.000, 0.000
-0.476, -0.155, 0.045, 1.000, 0.000, 0.000
-0.465, -0.184, 0.046, 1.000, 0.000, 0.000
-0.452, -0.213, 0.046, 1.000, 0.000, 0.000
-0.438, -0.241, 0.046, 1.000, 0.000, 0.000
-0.422, -0.268, 0.046, 1.000, 0.000, 0.000
-0.405, -0.294, 0.046, 1.000, 0.000, 0.000
-0.385, -0.319, 0.046, 1.000, 0.000, 0.000
-0.364, -0.342, 0.046, 1.000, 0.000, 0.000
-0.342, -0.364, 0.046, 1.000, 0.000, 0.000
-0.319, -0.385, 0.046, 1.000, 0.000, 0.000
-0.294, -0.405, 0.047, 1.000, 0.000, 0.000
-0.268, -0.422, 0.047, 1.000, 0.000, 0.000
-0.241, -0.438, 0.047, 1.000, 0.000, 0.000
-0.213, -0.452, 0.047, 1.000, 0.000, 0.000
-0.184, -0.465, 0.047, 1.000, 0.000, 0.000
-0.155, -0.476, 0.047, 1.000, 0.000, 0.000
-0.124, -0.484, 0.047, 1.000, 0.000, 0.000
-0.094, -0.491, 0.047, 1.000, 0.000, 0.000
-0.063, -0.496, 0.047, 1.000, 0.000, 0.000
-0.031, -0.499, 0.047, 1.000, 0.000, 0.000
0.000, -0.500, 0.048, 1.000, 0.000, 0.000
0.031, -0.499, 0.048, 1.000, 0.000, 0.000
0.063, -0.496, 0.048, 1.000, 0.000, 0.000
0.094, -0.491, 0.048, 1.000, 0.000, 0.000
0.124, -0.484, 0.048, 1.000, 0.000, 0.000
0.155, -0.476, 0.048, 1.000, 0.000, 0.000
0.184, -0.465, 0.048, 1.000, 0.000, 0.000
0.213, -0.452, 0.048, 1.000, 0.000, 0.000
0.241, -0.438, 0.048, 1.000, 0.000, 0.000
0.268, -0.422, 0.048, 1.000, 0.000, 0.000
0.294, -0.405, 0.049, 1.000, 0.000, 0.000
0.319, -0.385, 0.049, 1.000, 0.000, 0.000
0.342, -0.364, 0.049, 1.000, 0.000, 0.000
0.364, -0.342, 0.049, 1.000, 0.000, 0.000
0.385, -0.319, 0.049, 1.000, 0.000, 0.000
0.405, -0.294, 0.049, 1.000, 0.000, 0.000
0.422, -0.268, 0.049, 1.000, 0.000, 0.000
0.438, -0.241, 0.049, 1.000, 0.000, 0.000
0.452, -0.213, 0.049, 1.000, 0.000, 0.000
0.465, -0.184, 0.049, 1.000, 0.000, 0.000
0.476, -0.155, 0.050, 1.000, 0.000, 0.000
0.484, -0.124, 0.050, 1.000, 0.000, 0.000
0.491, -0.094, 0.050, 1.000, 0.000, 0.000
0.496, -0.063, 0.050, 1.000, 0.000, 0.000
0.499, -0.031, 0.050, 1.000, 0.000, 0.000
0.500, -0.000, 0.050, 1.000, 0.000, 0.000
0.499, 0.031, 0.050, 1.000, 0.000, 0.000
0.496, 0.063, 0.050, 1.000, 0.000, 0.000
0.491, 0.094, 0.050, 1.000, 0.000, 0.000
0.484, 0.124, 0.050, 1.000, 0.000, 0.000
0.476, 0.155, 0.050, 1.000, 0.000, 0.000
0.465, 0.184, 0.051, 1.000, 0.000, 0.000
0.452, 0.213, 0.051, 1.000, 0.000, 0.000
0.438, 0.241, 0.051, 1.000, 0.000, 0.000
0.422, 0.268, 0.051, 1.000, 0.000, 0.000
0.405, 0.294, 0.051, 1.000, 0.000, 0.000
0.385, 0.319, 0.051, 1.000, 0.000, 0.000
0.364, 0.342, 0.051, 1.000, 0.000, 0.000
0.342, 0.364, 0.051, 1.000, 0.000, 0.000
0.319, 0.385, 0.051, 1.000, 0.000, 0.000
0.294, 0.405, 0.052, 1.000, 0.000, 0.000
0.268, 0.422, 0.052, 1.000, 0.000, 0.000
0.241, 0.438, 0.052, 1.000, 0.000, 0.000
0.213, 0.452, 0.052, 1.000, 0.000, 0.000
0.184, 0.465, 0.052, 1.000, 0.000, 0.000
0.155, 0.476, 0.052, 1.000, 0.000, 0.000
0.124, 0.484, 0.052, 1.000, 0.000, 0.000
0.094, 0.491, 0.052, 1.000, 0.000, 0.000
0.063, 0.496, 0.052, 1.000, 0.000, 0.000
0.031, 0.499, 0.052, 1.000, 0.000, 0.000
-0.000, 0.500, 0.052, 1.000, 0.000, 0.000
-0.031, 0.499, 0.053, 1.000, 0.000, 0.000
-0.063, 0.496, 0.053, 1.000, 0.000, 0.000
-0.094, 0.491, 0.053, 1.000, 0.000, 0.000
-0.124, 0.484, 0.053, 1.000, 0.000, 0.000
-0.155, 0.476, 0.053, 1.000, 0.000, 0.000
-0.184, 0.465, 0.053, 1.000, 0.000, 0.000
-0.213, 0.452, 0.053, 1.000, 0.000, 0.000
-0.241, 0.438, 0.053, 1.000, 0.000, 0.000
-0.268, 0.422, 0.053, 1.000, 0.000, 0.000
-0.294, 0.405, 0.054, 1.000, 0.000, 0.000
-0.319, 0.385, 0.054, 1.000, 0.000, 0.000
-0.342, 0.364, 0.054, 1.000, 0.000, 0.000
-0.364, 0.342, 0.054, 1.000, 0.000, 0.000
-0.385, 0.319, 0.054, 1.000, 0.000, 0.000
-0.405, 0.294, 0.054, 1.000, 0.000, 0.000
-0.422, 0.268, 0.054, 1.000, 0.000, 0.000
-0.438, 0.241, 0.054, 1.000, 0.000, 0.000
-0.452, 0.213, 0.054, 1.000, 0.000, 0.000
-0.465, 0.184, 0.054, 1.000, 0.000, 0.000
-0.476, 0.155, 0.054, 1.000, 0.000, 0.000
-0.484, 0.124, 0.055, 1.000, 0.000, 0.000
-0.491, 0.094, 0.055, 1.000, 0.000, 0.000
-0.496, 0.063, 0.055, 1.000, 0.000, 0.000
-0.499, 0.031, 0.055, 1.000, 0.000, 0.000
-0.500, -0.000, 0.055, 1.000, 0.000, 0.000
-0.499, -0.031, 0.055, 1.000, 0.000, 0.000
-0.496, -0.063, 0.055, 1.000, 0.000, 0.000
-0.491, -0.094, 0.055, 1.000, 0.000, 0.000
-0.484, -0.124, 0.055, 1.000, 0.000, 0.000
-0.476, -0.155, 0.056, 1.000, 0.000, 0.000
-0.465, -0.184, 0.056, 1.000, 0.000, 0.000
-0.452, -0.213, 0.056, 1.000, 0.000, 0.000
-0.438, -0.241, 0.056, 1.000, 0.000, 0.000
-0.422, -0.268, 0.056, 1.000, 0.000, 0.000
-0.405, -0.294, 0.056, 1.000, 0.000, 0.000
-0.385, -0.319, 0.056, 1.000, 0.000, 0.000
-0.364, -0.342, 0.056, 1.000, 0.000, 0.000
-0.342, -0.364, 0.056, 1.000, 0.000, 0.000
-0.319, -0.385, 0.056, 1.000, 0.000, 0.000
-0.294, -0.405, 0.057, 1.000, 0.000, 0.000
-0.268, -0.422, 0.057, 1.000, 0.000, 0.000
-0.241, -0.438, 0.057, 1.000, 0.000, 0.000
-0.213, -0.452, 0.057, 1.000, 0.000, 0.000
-0.184, -0.465, 0.057, 1.000, 0.000, 0.000
-0.155, -0.476, 0.057, 1.000, 0.000, 0.000
-0.124, -0.484, 0.057, 1.000, 0.000, 0.000
-0.094, -0.491, 0.057, 1.000, 0.000, 0.000
-0.063, -0.496, 0.057, 1.000, 0.000, 0.000
-0.031, -0.499, 0.057, 1.000, 0.000, 0.000
-0.000, -0.500, 0.058, 1.000, 0.000, 0.000
0.031, -0.499, 0.058, 1.000, 0.000, 0.000
0.063, -0.496, 0.058, 1.000, 0.000, 0.000
0.094, -0.491, 0.058, 1.000, 0.000, 0.000
0.124, -0.484, 0.058, 1.000, 0.000, 0.000
0.155, -0.476, 0.058, 1.000, 0.000, 0.000
0.184, -0.465, 0.058, 1.000, 0.000, 0.000
0.213, -0.452, 0.058, 1.000, 0.000, 0.000
0.241, -0.438, 0.058, 1.000, 0.000, 0.000
0.268, -0.422, 0.058, 1.000, 0.000, 0.000
0.294, -0.405, 0.059, 1.000, 0.000, 0.000
0.319, -0.385, 0.059, 1.000, 0.000, 0.000
0.342, -0.364, 0.059, 1.000, 0.000, 0.000
0.364, -0.342, 0.059, 1.000, 0.000, 0.000
0.385, -0.319, 0.059, 1.000, 0.000, 0.000
0.405, -0.294, 0.059, 1.000, 0.000, 0.000
0.422, -0.268, 0.059, 1.000, 0.000, 0.000
0.438, -0.241, 0.059, 1.000, 0.000, 0.000
0.452, -0.213, 0.059, 1.000, 0.000, 0.000
0.465, -0.184, 0.059, 1.000, 0.000, 0.000
0.476, -0.155, 0.060, 1.000, 0.000, 0.000
0.484, -0.124, 0.060, 1.000, 0.000, 0.000
0.491, -0.094, 0.060, 1.000, 0.000, 0.000
0.496, -0.063, 0.060, 1.000, 0.000, 0.000
0.499, -0.031, 0.060, 1.000, 0.000, 0.000
0.500, -0.000, 0.060, 1.000, 0.000, 0.000
0.499, 0.031, 0.060, 1.000, 0.000, 0.000
0.496, 0.063, 0.060, 1.000, 0.000, 0.000
0.491, 0.094, 0.060, 1.000, 0.000, 0.000
0.484, 0.124, 0.060, 1.000, 0.000, 0.000
0.476, 0.155, 0.060, 1.000, 0.000, 0.000
0.465, 0.184, 0.061, 1.000, 0.000, 0.000
0.452, 0.213, 0.061, 1.000, 0.000, 0.000
0.438, 0.241, 0.061, 1.000, 0.000, 0.000
0.422, 0.268, 0.061, 1.000, 0.000, 0.000
0.405, 0.294, 0.061, 1.000, 0.000, 0.000
0.385, 0.319, 0.061, 1.000, 0.000, 0.000
0.364, 0.342, 0.061, 1.000, 0.000, 0.000
0.342, 0.364, 0.061, 1.000, 0.000, 0.000
0.319, 0.385, 0.061, 1.000, 0.000, 0.000
0.294, 0.405, 0.062, 1.000, 0.000, 0.000
0.268, 0.422, 0.062, 1.000, 0.000, 0.000
0.241, 0.438, 0.062, 1.000, 0.000, 0.000
0.213, 0.452, 0.062, 1.000, 0.000, 0.000
0.184, 0.465, 0.062, 1.000, 0.000, 0.000
0.155, 0.476, 0.062, 1.000, 0.000, 0.000
0.124, 0.484, 0.062, 1.000, 0.000, 0.000
0.094, 0.491, 0.062, 1.000, 0.000, 0.000
0.063, 0.496, 0.062, 1.000, 0.000, 0.000
0.031, 0.499, 0.062, 1.000, 0.000, 0.000
-0.000, 0.500, 0.062, 1.000, 0.000, 0.000
-0.031, 0.499, 0.063, 1.000, 0.000, 0.000
-0.063, 0.496, 0.063, 1.000, 0.000, 0.000
-0.094, 0.491, 0.063, 1.000, 0.000, 0.000
-0.124, 0.484, 0.063, 1.000, 0.000, 0.000
-0.155, 0.476, 0.063, 1.000, 0.000, 0.000
-0.184, 0.465, 0.063, 1.000, 0.000, 0.000
-0.213, 0.452, 0.063, 1.000, 0.000, 0.000
-0.241, 0.438, 0.063, 1.000, 0.000, 0.000
-0.268, 0.422, 0.063, 1.000, 0.000, 0.000
-0.294, 0.405, 0.064, 1.000, 0.000, 0.000
-0.319, 0.385, 0.064, 1.000, 0.000, 0.000
-0.342, 0.364, 0.064, 1.000, 0.000, 0.000
-0.364, 0.342, 0.064, 1.000, 0.000, 0.000
-0.385, 0.319, 0.064, 1.000, 0.000, 0.000
-0.405, 0.294, 0.064, 1.000, 0.000, 0.000
-0.422, 0.268, 0.064, 1.000, 0.000, 0.000
-0.438, 0.241, 0.064, 1.000, 0.000, 0.000
-0.452, 0.213, 0.064, 1.000, 0.000, 0.000
-0.465, 0.184, 0.064, 1.000, 0.000, 0.000
-0.476, 0.155, 0.065, 1.000, 0.000, 0.000
-0.484, 0.124, 0.065, 1.000, 0.000, 0.000
-0.491, 0.094, 0.065, 1.000, 0.000, 0.000
-0.496, 0.063, 0.065, 1.000, 0.000, 0.000
-0.499, 0.031, 0.065, 1.000, 0.000, 0.000
-0.500, 0.000, 0.065, 1.000, 0.000, 0.000
-0.499, -0.031, 0.065, 1.000, 0.000, 0.000
-0.496, -0.063, 0.065, 1.000, 0.000, 0.000
-0.491, -0.094, 0.065, 1.000, 0.000, 0.000
-0.484, -0.124, 0.065, 1.000, 0.000, 0.000
-0.476, -0.155, 0.066, 1.000, 0.000, 0.000
-0.465, -0.184, 0.066, 1.000, 0.000, 0.000
-0.452, -0.213, 0.066, 1.000, 0.000, 0.000
-0.438, -0.241, 0.066, 1.000, 0.000, 0.000
-0.422, -0.268, 0.066, 1.000, 0.000, 0.000
-0.405, -0.294, 0.066, 1.000, 0.000, 0.000
-0.385, -0.319, 0.066, 1.000, 0.000, 0.000
-0.364, -0.342, 0.066, 1.000, 0.000, 0.000
-0.342, -0.364, 0.066, 1.000, 0.000, 0.000
-0.319, -0.385, 0.066, 1.000, 0.000, 0.000
-0.294, -0.405, 0.067, 1.000, 0.000, 0.000
-0.268, -0.422, 0.067, 1.000, 0.000, 0.000
-0.241, -0.438, 0.067, 1.000, 0.000, 0.000
-0.213, -0.452, 0.067, 1.000, 0.000, 0.000
-0.184, -0.465, 0.067, 1.000, 0.000, 0.000
-0.155, -0.476, 0.067, 1.000, 0.000, 0.000
-0.124, -0.484, 0.067, 1.000, 0.000, 0.000
-0.094, -0.491, 0.067, 1.000, 0.000, 0.000
-0.063, -0.496, 0.067, 1.000, 0.000, 0.000
-0.031, -0.499, 0.067, 1.000, 0.000, 0.000
0.000, -0.500, 0.068, 1.000, 0.000, 0.000
0.031, -0.499, 0.068, 1.000, 0.000, 0.000
0.063, -0.496, 0.068, 1.000, 0.000, 0.000
0.094, -0.491, 0.068, 1.000, 0.000, 0.000
0.124, -0.484, 0.068, 1.000, 0.000, 0.000
0.155, -0.476, 0.068, 1.000, 0.000, 0.000
0.184, -0.465, 0.068, 1.000, 0.000, 0.000
0.213, -0.452, 0.068, 1.000, 0.000, 0.000
0.241, -0.438, 0.068, 1.000, 0.000, 0.000
0.268, -0.422, 0.068, 1.000, 0.000, 0.000
0.294, -0.405, 0.069, 1.000, 0.000, 0.000
0.319, -0.385, 0.069, 1.000, 0.000, 0.000
0.342, -0.364, 0.069, 1.000, 0.000, 0.000
0.364, -0.342, 0.069, 1.000, 0.000, 0.000
0.385, -0.319, 0.069, 1.000, 0.000, 0.000
0.405, -0.294, 0.069, 1.000, 0.000, 0.000
0.422, -0.268, 0.069, 1.000, 0.000, 0.000
0.438, -0.241, 0.069, 1.000, 0.000, 0.000
0.452, -0.213, 0.069, 1.000, 0.000, 0.000
0.465, -0.184, 0.069, 1.000, 0.000, 0.000
0.476, -0.155, 0.070, 1.000, 0.000, 0.000
0.484, -0.124, 0.070, 1.000, 0.000, 0.000
0.491, -0.094, 0.070, 1.000, 0.000, 0.000
0.496, -0.063, 0.070, 1.000, 0.000, 0.000
0.499, -0.031, 0.070, 1.000, 0.000, 0.000
0.500, -0.000, 0.070, 1.000, 0.000, 0.000
0.499, 0.031, 0.070, 1.000, 0.000, 0.000
0.496, 0.063, 0.070, 1.000, 0.000, 0.000
0.491, 0.094, 0.070, 1.000, 0.000, 0.000
0.484, 0.124, 0.070, 1.000, 0.000, 0.000
0.476, 0.155, 0.070, 1.000, 0.000, 0.000
0.465, 0.184, 0.071, 1.000, 0.000, 0.000
0.452, 0.213, 0.071, 1.000, 0.000, 0.000
0.438, 0.241, 0.071, 1.000, 0.000, 0.000
0.422, 0.268, 0.071, 1.000, 0.000, 0.000
0.405, 0.294, 0.071, 1.000, 0.000, 0.000
0.385, 0.319, 0.071, 1.000, 0.000, 0.000
0.364, 0.342, 0.071, 1.000, 0.000, 0.000
0.342, 0.364, 0.071, 1.000, 0.000, 0.000
0.319, 0.385, 0.071, 1.000, 0.000, 0.000
0.294, 0.405, 0.072, 1.000, 0.000, 0.000
0.268, 0.422, 0.072, 1.000, 0.000, 0.000
0.241, 0.438, 0.072, 1.000, 0.000, 0.000
0.213, 0.452, 0.072, 1.000, 0.000, 0.000
0.184, 0.465, 0.072, 1.000, 0.000, 0.000
0.155, 0.476, 0.072, 1.000, 0.000, 0.000
0.124, 0.484, 0.072, 1.000, 0.000, 0.000
0.094, 0.491, 0.072, 1.000, 0.000, 0.000
0.063, 0.496, 0.072, 1.000, 0.000, 0.000
0.031, 0.499, 0.072, 1.000, 0.000, 0.000
0.000, 0.500, 0.072, 1.000, 0.000, 0.000
-0.031, 0.499, 0.073, 1.000, 0.000, 0.000
-0.063, 0.496, 0.073, 1.000, 0.000, 0.000
-0.094, 0.491, 0.073, 1.000, 0.000, 0.000
-0.124, 0.484, 0.073, 1.000, 0.000, 0.000
-0.155, 0.476, 0.073, 1.000, 0.000, 0.000
-0.184, 0.465, 0.073, 1.000, 0.000, 0.000
-0.213, 0.452, 0.073, 1.000, 0.000, 0.000
-0.241, 0.438, 0.073, 1.000, 0.000, 0.000
-0.268, 0.422, 0.073, 1.000, 0.000, 0.000
-0.294, 0.405, 0.074, 1.000, 0.000, 0.000
-0.319, 0.385, 0.074, 1.000, 0.000, 0.000
-0.342, 0.364, 0.074, 1.000, 0.000, 0.000
-0.364, 0.342, 0.074, 1.000, 0.000, 0.000
-0.385, 0.319, 0.074, 1.000, 0.000, 0.000
-0.405, 0.294, 0.074, 1.000, 0.000, 0.000
-0.422, 0.268, 0.074, 1.000, 0.000, 0.000
-0.438, 0.241, 0.074, 1.000, 0.000, 0.000
-0.452, 0.213, 0.074, 1.000, 0.000, 0.000
-0.465, 0.184, 0.074, 1.000, 0.000, 0.000
-0.476, 0.155, 0.074, 1.000, 0.000, 0.000
-0.484, 0.124, 0.075, 1.000, 0.000, 0.000
-0.491, 0.094, 0.075, 1.000, 0.000, 0.000
-0.496, 0.063, 0.075, 1.000, 0.000, 0.000
-0.499, 0.031, 0.075, 1.000, 0.000, 0.000
-0.500, 0.000, 0.075, 1.000, 0.000, 0.000
-0.499, -0.031, 0.075, 1.000, 0.000, 0.000
-0.496, -0.063, 0.075, 1.000, 0.000, 0.000
-0.491, -0.094, 0.075, 1.000, 0.000, 0.000
-0.484, -0.124, 0.075, 1.000, 0.000, 0.000
-0.476, -0.155, 0.075, 1.000, 0.000, 0.000
-0.465, -0.184, 0.076, 1.000, 0.000, 0.000
-0.452, -0.213, 0.076, 1.000, 0.000, 0.000
-0.438, -0.241, 0.076, 1.000, 0.000, 0.000
-0.422, -0.268, 0.076, 1.000, 0.000, 0.000
-0.405, -0.294, 0.076, 1.000, 0.000, 0.000
-0.385, -0.319, 0.076, 1.000, 0.000, 0.000
-0.364, -0.342, 0.076, 1.000, 0.000, 0.000
-0.342, -0.364, 0.076, 1.000, 0.000, 0.000
-0.319, -0.385, 0.076, 1.000, 0.000, 0.000
-0.294, -0.405, 0.076, 1.000, 0.000, 0.000
-0.268, -0.422, 0.077, 1.000, 0.000, 0.000
-0.241, -0.438, 0.077, 1.000, 0.000, 0.000
-0.213, -0.452, 0.077, 1.000, 0.000, 0.000
-0.184, -0.465, 0.077, 1.000, 0.000, 0.000
-0.155, -0.476, 0.077, 1.000, 0.000, 0.000
-0.124, -0.484, 0.077, 1.000, 0.000, 0.000
-0.094, -0.491, 0.077, 1.000, 0.000, 0.000
-0.063, -0.496, 0.077, 1.000, 0.000, 0.000
-0.031, -0.499, 0.077, 1.000, 0.000, 0.000
-0.000, -0.500, 0.077, 1.000, 0.000, 0.000
0.031, -0.499, 0.078, 1.000, 0.000, 0.000
0.063, -0.496, 0.078, 1.000, 0.000, 0.000
0.094, -0.491, 0.078, 1.000, 0.000, 0.000
0.124, -0.484, 0.078, 1.000, 0.000, 0.000
0.155, -0.476, 0.078, 1.000, 0.000, 0.000
0.184, -0.465, 0.078, 1.000, 0.000, 0.000
0.213, -0.452, 0.078, 1.000, 0.000, 0.000
0.241, -0.438, 0.078, 1.000, 0.000, 0.000
0.268, -0.422, 0.078, 1.000, 0.000, 0.000
0.294, -0.405, 0.079, 1.000, 0.000, 0.000
0.319, -0.385, 0.079, 1.000, 0.000, 0.000
0.342, -0.364, 0.079, 1.000, 0.000, 0.000
0.364, -0.342, 0.079, 1.000, 0.000, 0.000
0.385, -0.319, 0.079, 1.000, 0.000, 0.000
0.405, -0.294, 0.079, 1.000, 0.000, 0.000
0.422, -0.268, 0.079, 1.000, 0.000, 0.000
0.438, -0.241, 0.079, 1.000, 0.000, 0.000
0.452, -0.213, 0.079, 1.000, 0.000, 0.000
0.465, -0.184, 0.079, 1.000, 0.000, 0.000
0.476, -0.155, 0.080, 1.000, 0.000, 0.000
0.484, -0.124, 0.080, 1.000, 0.000, 0.000
0.491, -0.094, 0.080, 1.000, 0.000, 0.000
0.496, -0.063, 0.080, 1.000, 0.000, 0.000
0.499, -0.031, 0.080, 1.000, 0.000, 0.000
0.500, -0.000, 0.080, 1.000, 0.000, 0.000
0.499, 0.031, 0.080, 1.000, 0.000, 0.000
0.496, 0.063, 0.080, 1.000, 0.000, 0.000
0.491, 0.094, 0.080, 1.000, 0.000, 0.000
0.484, 0.124, 0.080, 1.000, 0.000, 0.000
0.476, 0.155, 0.081, 1.000, 0.000, 0.000
0.465, 0.184, 0.081, 1.000, 0.000, 0.000
0.452, 0.213, 0.081, 1.000, 0.000, 0.000
0.438, 0.241, 0.081, 1.000, 0.000, 0.000
0.422, 0.268, 0.081, 1.000, 0.000, 0.000
0.405, 0.294, 0.081, 1.000, 0.000, 0.000
0.385, 0.319, 0.081, 1.000, 0.000, 0.000
0.364, 0.342, 0.081, 1.000, 0.000, 0.000
0.342, 0.364, 0.081, 1.000, 0.000, 0.000
0.319, 0.385, 0.081, 1.000, 0.000, 0.000
0.294, 0.405, 0.082, 1.000, 0.000, 0.000
0.268, 0.422, 0.082, 1.000, 0.000, 0.000
0.241, 0.438, 0.082, 1.000, 0.000, 0.000
0.213, 0.452, 0.082, 1.000, 0.000, 0.000
0.184, 0.465, 0.082, 1.000, 0.000, 0.000
0.155, 0.476, 0.082, 1.000, 0.000, 0.000
0.124, 0.484, 0.082, 1.000, 0.000, 0.000
0.094, 0.491, 0.082, 1.000, 0.000, 0.000
0.063, 0.496, 0.082, 1.000, 0.000, 0.000
0.031, 0.499, 0.082, 1.000, 0.000, 0.000
0.000, 0.500, 0.083, 1.000, 0.000, 0.000
-0.031, 0.499, 0.083, 1.000, 0.000, 0.000
-0.063, 0.496, 0.083, 1.000, 0.000, 0.000
-0.094, 0.491, 0.083, 1.000, 0.000, 0.000
-0.124, 0.484, 0.083, 1.000, 0.000, 0.000
-0.155, 0.476, 0.083, 1.000, 0.000, 0.000
-0.184, 0.465, 0.083, 1.000, 0.000, 0.000
-0.213, 0.452, 0.083, 1.000, 0.000, 0.000
-0.241, 0.438, 0.083, 1.000, 0.000, 0.000
-0.268, 0.422, 0.083, 1.000, 0.000, 0.000
-0.294, 0.405, 0.083, 1.000, 0.000, 0.000
-0.319, 0.385, 0.084, 1.000, 0.000, 0.000
-0.342, 0.364, 0.084, 1.000, 0.000, 0.000
-0.364, 0.342, 0.084, 1.000, 0.000, 0.000
-0.385, 0.319, 0.084, 1.000, 0.000, 0.000
-0.405, 0.294, 0.084, 1.000, 0.000, 0.000
-0.422, 0.268, 0.084, 1.000, 0.000, 0.000
-0.438, 0.241, 0.084, 1.000, 0.000, 0.000
-0.452, 0.213, 0.084, 1.000, 0.000, 0.000
-0.465, 0.184, 0.084, 1.000, 0.000, 0.000
-0.476, 0.155, 0.084, 1.000, 0.000, 0.000
-0.484, 0.124, 0.085, 1.000, 0.000, 0.000
-0.491, 0.094, 0.085, 1.000, 0.000, 0.000
-0.496, 0.063, 0.085, 1.000, 0.000, 0.000
-0.499, 0.031, 0.085, 1.000, 0.000, 0.000
-0.500, 0.000, 0.085, 1.000, 0.000, 0.000
-0.499, -0.031, 0.085, 1.000, 0.000, 0.000
-0.496, -0.063, 0.085, 1.000, 0.000, 0.000
-0.491, -0.094, 0.085, 1.000, 0.000, 0.000
-0.484, -0.124, 0.085, 1.000, 0.000, 0.000
-0.476, -0.155, 0.086, 1.000, 0.000, 0.000
-0.465, -0.184, 0.086, 1.000, 0.000, 0.000
-0.452, -0.213, 0.086, 1.000, 0.000, 0.000
-0.438, -0.241, 0.086, 1.000, 0.000, 0.000
-0.422, -0.268, 0.086, 1.000, 0.000, 0.000
-0.405, -0.294, 0.086, 1.000, 0.000, 0.000
-0.385, -0.319, 0.086, 1.000, 0.000, 0.000
-0.364, -0.342, 0.086, 1.000, 0.000, 0.000
-0.342, -0.364, 0.086, 1.000, 0.000, 0.000
-0.319, -0.385, 0.086, 1.000, 0.000, 0.000
-0.294, -0.405, 0.087, 1.000, 0.000, 0.000
-0.268, -0.422, 0.087, 1.000, 0.000, 0.000
-0.241, -0.438, 0.087, 1.000, 0.000, 0.000
-0.213, -0.452, 0.087, 1.000, 0.000, 0.000
-0.184, -0.465, 0.087, 1.000, 0.000, 0.000
-0.155, -0.476, 0.087, 1.000, 0.000, 0.000
-0.124, -0.484, 0.087, 1.000, 0.000, 0.000
-0.094, -0.491, 0.087, 1.000, 0.000, 0.000
-0.063, -0.496, 0.087, 1.000, 0.000, 0.000
-0.031, -0.499, 0.087, 1.000, 0.000, 0.000
-0.000, -0.500, 0.087, 1.000, 0.000, 0.000
0.031, -0.499, 0.088, 1.000, 0.000, 0.000
0.063, -0.496, 0.088, 1.000, 0.000, 0.000
0.094, -0.491, 0.088, 1.000, 0.000, 0.000
0.124, -0.484, 0.088, 1.000, 0.000, 0.000
0.155, -0.476, 0.088, 1.000, 0.000, 0.000
0.184, -0.465, 0.088, 1.000, 0.000, 0.000
0.213, -0.452, 0.088, 1.000, 0.000, 0.000
0.241, -0.438, 0.088, 1.000, 0.000, 0.000
0.268, -0.422, 0.088, 1.000, 0.000, 0.000
0.294, -0.405, 0.088, 1.000, 0.000, 0.000
0.319, -0.385, 0.089, 1.000, 0.000, 0.000
0.342, -0.364, 0.089, 1.000, 0.000, 0.000
0.364, -0.342, 0.089, 1.000, 0.000, 0.000
0.385, -0.319, 0.089, 1.000, 0.000, 0.000
0.405, -0.294, 0.089, 1.000, 0.000, 0.000
0.422, -0.268, 0.089, 1.000, 0.000, 0.000
0.438, -0.241, 0.089, 1.000, 0.000, 0.000
0.452, -0.213, 0.089, 1.000, 0.000, 0.000
0.465, -0.184, 0.089, 1.000, 0.000, 0.000
0.476, -0.155, 0.090, 1.000, 0.000, 0.000
0.484, -0.124, 0.090, 1.000, 0.000, 0.000
0.491, -0.094, 0.090, 1.000, 0.000, 0.000
0.496, -0.063, 0.090, 1.000, 0.000, 0.000
0.499, -0.031, 0.090, 1.000, 0.000, 0.000
0.500, -0.000, 0.090, 1.000, 0.000, 0.000
0.499, 0.031, 0.090, 1.000, 0.000, 0.000
0.496, 0.063, 0.090, 1.000, 0.000, 0.000
0.491, 0.094, 0.090, 1.000, 0.000, 0.000
0.484, 0.124, 0.090, 1.000, 0.000, 0.000
0.476, 0.155, 0.091, 1.000, 0.000, 0.000
0.465, 0.184, 0.091, 1.000, 0.000, 0.000
0.452, 0.213, 0.091, 1.000, 0.000, 0.000
0.438, 0.241, 0.091, 1.000, 0.000, 0.000
0.422, 0.268, 0.091, 1.000, 0.000, 0.000
0.405, 0.294, 0.091, 1.000, 0.000, 0.000
0.385, 0.319, 0.091, 1.000, 0.000, 0.000
0.364, 0.342, 0.091, 1.000, 0.000, 0.000
0.342, 0.364, 0.091, 1.000, 0.000, 0.000
0.319, 0.385, 0.091, 1.000, 0.000, 0.000
0.294, 0.405, 0.091, 1.000, 0.000, 0.000
0.268, 0.422, 0.092, 1.000, 0.000, 0.000
0.241, 0.438, 0.092, 1.000, 0.000, 0.000
0.213, 0.452, 0.092, 1.000, 0.000, 0.000
0.184, 0.465, 0.092, 1.000, 0.000, 0.000
0.155, 0.476, 0.092, 1.000, 0.000, 0.000
0.124, 0.484, 0.092, 1.000, 0.000, 0.000
0.094, 0.491, 0.092, 1.000, 0.000, 0.000
0.063, 0.496, 0.092, 1.000, 0.000, 0.000
0.031, 0.499, 0.092, 1.000, 0.000, 0.000
0.000, 0.500, 0.092, 1.000, 0.000, 0.000
-0.031, 0.499, 0.093, 1.000, 0.000, 0.000
-0.063, 0.496, 0.093, 1.000, 0.000, 0.000
-0.094, 0.491, 0.093, 1.000, 0.000, 0.000
-0.124, 0.484, 0.093, 1.000, 0.000, 0.000
-0.155, 0.476, 0.093, 1.000, 0.000, 0.000
-0.184, 0.465, 0.093, 1.000, 0.000, 0.000
-0.213, 0.452, 0.093, 1.000, 0.000, 0.000
-0.241, 0.438, 0.093, 1.000, 0.000, 0.000
-0.268, 0.422, 0.093, 1.000, 0.000, 0.000
-0.294, 0.405, 0.093, 1.000, 0.000, 0.000
-0.319, 0.385, 0.094, 1.000, 0.000, 0.000
-0.342, 0.364, 0.094, 1.000, 0.000, 0.000
-0.364, 0.342, 0.094, 1.000, 0.000, 0.000
-0.385, 0.319, 0.094, 1.000, 0.000, 0.000
-0.405, 0.294, 0.094, 1.000, 0.000, 0.000
-0.422, 0.268, 0.094, 1.000, 0.000, 0.000
-0.438, 0.241, 0.094, 1.000, 0.000, 0.000
-0.452, 0.213, 0.094, 1.000, 0.000, 0.000
-0.465, 0.184, 0.094, 1.000, 0.000, 0.000
-0.476, 0.155, 0.095, 1.000, 0.000, 0.000
-0.484, 0.124, 0.095, 1.000, 0.000, 0.000
-0.491, 0.094, 0.095, 1.000, 0.000, 0.000
-0.496, 0.063, 0.095, 1.000, 0.000, 0.000
-0.499, 0.031, 0.095, 1.000, 0.000, 0.000
-0.500, -0.000, 0.095, 1.000, 0.000, 0.000
-0.499, -0.031, 0.095, 1.000, 0.000, 0.000
-0.496, -0.063, 0.095, 1.000, 0.000, 0.000
-0.491, -0.094, 0.095, 1.000, 0.000, 0.000
-0.484, -0.124, 0.095, 1.000, 0.000, 0.000
-0.476, -0.155, 0.096, 1.000, 0.000, 0.000
-0.465, -0.184, 0.096, 1.000, 0.000, 0.000
-0.452, -0.213, 0.096, 1.000, 0.000, 0.000
-0.438, -0.241, 0.096, 1.000, 0.000, 0.000
-0.422, -0.268, 0.096, 1.000, 0.000, 0.000
-0.405, -0.294, 0.096, 1.000, 0.000, 0.000
-0.385, -0.319, 0.096, 1.000, 0.000, 0.000
-0.364, -0.342, 0.096, 1.000, 0.000, 0.000
-0.342, -0.364, 0.096, 1.000, 0.000, 0.000
-0.319, -0.385, 0.096, 1.000, 0.000, 0.000
-0.294, -0.405, 0.097, 1.000, 0.000, 0.000
-0.268, -0.422, 0.097, 1.000, 0.000, 0.000
-0.241, -0.438, 0.097, 1.000, 0.000, 0.000
-0.213, -0.452, 0.097, 1.000, 0.000, 0.000
-0.184, -0.465, 0.097, 1.000, 0.000, 0.000
-0.155, -0.476, 0.097, 1.000, 0.000, 0.000
-0.124, -0.484, 0.097, 1.000, 0.000, 0.000
-0.094, -0.491, 0.097, 1.000, 0.000, 0.000
-0.063, -0.496, 0.097, 1.000, 0.000, 0.000
-0.031, -0.499, 0.097, 1.000, 0.000, 0.000
0.000, -0.500, 0.098, 1.000, 0.000, 0.000
0.031, -0.499, 0.098, 1.000, 0.000, 0.000
0.063, -0.496, 0.098, 1.000, 0.000, 0.000
0.094, -0.491, 0.098, 1.000, 0.000, 0.000
0.124, -0.484, 0.098, 1.000, 0.000, 0.000
0.155, -0.476, 0.098, 1.000, 0.000, 0.000
0.184, -0.465, 0.098, 1.000, 0.000, 0.000
0.213, -0.452, 0.098, 1.000, 0.000, 0.000
0.241, -0.438, 0.098, 1.000, 0.000, 0.000
0.268, -0.422, 0.098, 1.000, 0.000, 0.000
0.294, -0.405, 0.098, 1.000, 0.000, 0.000
0.319, -0.385, 0.099, 1.000, 0.000, 0.000
0.342, -0.364, 0.099, 1.000, 0.000, 0.000
0.364, -0.342, 0.099, 1.000, 0.000, 0.000
0.385, -0.319, 0.099, 1.000, 0.000, 0.000
0.405, -0.294, 0.099, 1.000, 0.000, 0.000
0.422, -0.268, 0.099, 1.000, 0.000, 0.000
0.438, -0.241, 0.099, 1.000, 0.000, 0.000
0.452, -0.213, 0.099, 1.000, 0.000, 0.000
0.465, -0.184, 0.099, 1.000, 0.000, 0.000
0.476, -0.155, 0.100, 1.000, 0.000, 0.000
0.484, -0.124, 0.100, 1.000, 0.000, 0.000
0.491, -0.094, 0.100, 1.000, 0.000, 0.000
0.496, -0.063, 0.100, 1.000, 0.000, 0.000
0.499, -0.031, 0.100, 1.000, 0.000, 0.000
